-72 98 71 -16 -88 -20 72 8 -5 60 
-41 -3 62 -89 -62 51 -21 -48 96 -77 
-9 71 -36 -64 -50 -4 71 -96 -90 22 
-18 -9 34 17 95 58 87 -18 -82 83 
-27 -4 79 80 90 -95 66 28 -60 20 
77 -53 66 19 -64 -44 34 34 -67 16 
9 68 -3 73 -23 67 63 -55 -84 -20 
64 97 -67 -88 50 94 92 -16 -54 -55 
29 -57 63 -10 44 -65 25 -85 -19 38 
-77 -48 -52 2 -26 4 98 -94 2 -77 
-59 21 11 60 56 80 -87 53 68 -59 
-36 -51 -12 88 87 -34 -96 -93 -71 -59 
-58 48 63 -23 -44 11 48 31 38 -55 
96 85 81 -78 -97 -93 31 -97 33 63 
-78 71 -54 -61 -27 73 64 -40 15 -93 
